True_Label,True_Name,Predicted_Label,Predicted_Name,Prob_narco,Prob_ins,Prob_nfle,Prob_plm,Prob_rbd
4,rbd,4,rbd,0.0,0.0,0.0,0.0,1.0
4,rbd,4,rbd,0.28,0.08,0.175,0.155,0.31
1,ins,1,ins,0.0,0.975,0.015,0.0,0.01
3,plm,3,plm,0.07,0.065,0.095,0.715,0.055
0,narco,0,narco,1.0,0.0,0.0,0.0,0.0
1,ins,1,ins,0.0,1.0,0.0,0.0,0.0
4,rbd,4,rbd,0.19,0.34,0.06,0.0,0.41
2,nfle,2,nfle,0.0,0.0,0.96,0.005,0.035
0,narco,0,narco,0.44,0.275,0.11,0.0,0.175
4,rbd,4,rbd,0.025,0.01,0.0,0.01,0.955
1,ins,1,ins,0.04,0.715,0.115,0.025,0.105
2,nfle,2,nfle,0.0,0.005,0.825,0.02,0.15
2,nfle,2,nfle,0.0,0.005,0.985,0.01,0.0
0,narco,0,narco,0.575,0.025,0.245,0.03,0.125
3,plm,3,plm,0.025,0.075,0.03,0.825,0.045
4,rbd,4,rbd,0.0,0.005,0.005,0.005,0.985
0,narco,0,narco,1.0,0.0,0.0,0.0,0.0
4,rbd,4,rbd,0.105,0.075,0.05,0.04,0.73
3,plm,3,plm,0.0,0.0,0.0,0.995,0.005
1,ins,1,ins,0.0,1.0,0.0,0.0,0.0
2,nfle,2,nfle,0.0,0.0,1.0,0.0,0.0
4,rbd,4,rbd,0.34,0.13,0.105,0.025,0.4
2,nfle,2,nfle,0.005,0.035,0.92,0.01,0.03
1,ins,1,ins,0.045,0.755,0.075,0.04,0.085
2,nfle,2,nfle,0.0,0.0,0.985,0.01,0.005
4,rbd,4,rbd,0.065,0.025,0.0,0.0,0.91
4,rbd,4,rbd,0.005,0.01,0.02,0.005,0.96
0,narco,0,narco,0.9,0.005,0.005,0.0,0.09
3,plm,3,plm,0.1,0.055,0.095,0.525,0.225
4,rbd,3,plm,0.16,0.03,0.045,0.66,0.105
3,plm,3,plm,0.1,0.015,0.035,0.725,0.125
2,nfle,2,nfle,0.0,0.005,0.995,0.0,0.0
2,nfle,2,nfle,0.0,0.0,0.985,0.015,0.0
1,ins,1,ins,0.005,0.99,0.0,0.0,0.005
1,ins,1,ins,0.04,0.505,0.195,0.015,0.245
1,ins,1,ins,0.1,0.735,0.015,0.055,0.095
3,plm,3,plm,0.0,0.0,0.0,1.0,0.0
0,narco,4,rbd,0.1,0.08,0.06,0.025,0.735
1,ins,1,ins,0.0,1.0,0.0,0.0,0.0
4,rbd,4,rbd,0.23,0.105,0.145,0.16,0.36
4,rbd,4,rbd,0.07,0.03,0.0,0.0,0.9
2,nfle,2,nfle,0.0,0.0,0.995,0.0,0.005
0,narco,0,narco,0.81,0.06,0.08,0.015,0.035
0,narco,0,narco,0.905,0.025,0.035,0.005,0.03
3,plm,3,plm,0.09,0.015,0.0,0.88,0.015
1,ins,2,nfle,0.075,0.245,0.61,0.01,0.06
2,nfle,2,nfle,0.015,0.02,0.89,0.04,0.035
4,rbd,4,rbd,0.065,0.01,0.01,0.015,0.9
0,narco,0,narco,1.0,0.0,0.0,0.0,0.0
0,narco,0,narco,0.53,0.27,0.095,0.005,0.1
4,rbd,4,rbd,0.02,0.015,0.0,0.0,0.965
1,ins,1,ins,0.0,0.995,0.005,0.0,0.0
4,rbd,4,rbd,0.02,0.03,0.05,0.0,0.9
1,ins,1,ins,0.0,1.0,0.0,0.0,0.0
1,ins,0,narco,0.435,0.205,0.12,0.005,0.235
4,rbd,4,rbd,0.065,0.005,0.0,0.335,0.595
4,rbd,4,rbd,0.1,0.055,0.12,0.02,0.705
2,nfle,2,nfle,0.02,0.005,0.965,0.005,0.005
3,plm,3,plm,0.0,0.0,0.0,1.0,0.0
4,rbd,3,plm,0.01,0.06,0.085,0.655,0.19
2,nfle,2,nfle,0.0,0.01,0.9,0.02,0.07
1,ins,1,ins,0.06,0.88,0.0,0.025,0.035
1,ins,1,ins,0.0,1.0,0.0,0.0,0.0
3,plm,3,plm,0.0,0.0,0.005,0.995,0.0
2,nfle,2,nfle,0.0,0.0,1.0,0.0,0.0
2,nfle,2,nfle,0.0,0.0,0.99,0.005,0.005
3,plm,3,plm,0.0,0.0,0.0,1.0,0.0
4,rbd,4,rbd,0.1,0.115,0.03,0.0,0.755
4,rbd,4,rbd,0.08,0.085,0.065,0.135,0.635
1,ins,3,plm,0.01,0.135,0.0,0.85,0.005
3,plm,3,plm,0.045,0.045,0.04,0.84,0.03
4,rbd,3,plm,0.065,0.025,0.165,0.65,0.095
0,narco,0,narco,0.54,0.08,0.075,0.05,0.255
2,nfle,2,nfle,0.0,0.0,1.0,0.0,0.0
4,rbd,4,rbd,0.025,0.01,0.0,0.015,0.95
3,plm,3,plm,0.0,0.0,0.02,0.97,0.01
0,narco,0,narco,0.98,0.01,0.005,0.005,0.0
1,ins,1,ins,0.14,0.815,0.005,0.0,0.04
0,narco,0,narco,0.945,0.02,0.01,0.005,0.02
3,plm,3,plm,0.0,0.0,0.0,1.0,0.0
4,rbd,0,narco,0.59,0.16,0.17,0.01,0.07
0,narco,0,narco,0.655,0.09,0.02,0.035,0.2
3,plm,3,plm,0.0,0.0,0.005,0.995,0.0
3,plm,3,plm,0.005,0.0,0.0,0.995,0.0
2,nfle,3,plm,0.01,0.0,0.145,0.795,0.05
4,rbd,4,rbd,0.015,0.01,0.055,0.015,0.905
3,plm,3,plm,0.01,0.12,0.015,0.785,0.07
4,rbd,4,rbd,0.005,0.005,0.01,0.0,0.98
0,narco,0,narco,0.42,0.19,0.31,0.03,0.05
4,rbd,3,plm,0.01,0.005,0.01,0.955,0.02
4,rbd,2,nfle,0.03,0.07,0.88,0.005,0.015
1,ins,4,rbd,0.05,0.045,0.005,0.0,0.9
2,nfle,2,nfle,0.015,0.035,0.92,0.015,0.015
0,narco,0,narco,0.995,0.0,0.005,0.0,0.0
2,nfle,2,nfle,0.005,0.005,0.97,0.015,0.005
1,ins,1,ins,0.005,0.99,0.0,0.0,0.005
2,nfle,2,nfle,0.0,0.0,1.0,0.0,0.0
4,rbd,4,rbd,0.355,0.14,0.105,0.01,0.39
4,rbd,0,narco,0.62,0.055,0.015,0.015,0.295
2,nfle,2,nfle,0.01,0.095,0.865,0.005,0.025
3,plm,3,plm,0.29,0.1,0.04,0.375,0.195
3,plm,4,rbd,0.04,0.04,0.065,0.25,0.605
4,rbd,4,rbd,0.01,0.03,0.05,0.025,0.885
3,plm,3,plm,0.01,0.0,0.0,0.97,0.02
4,rbd,2,nfle,0.02,0.055,0.635,0.035,0.255
0,narco,0,narco,0.9,0.02,0.035,0.005,0.04
0,narco,0,narco,0.885,0.01,0.005,0.02,0.08
3,plm,3,plm,0.025,0.07,0.345,0.545,0.015
3,plm,3,plm,0.0,0.0,0.0,1.0,0.0
0,narco,0,narco,0.95,0.025,0.01,0.005,0.01
1,ins,1,ins,0.055,0.585,0.3,0.005,0.055
0,narco,0,narco,0.62,0.205,0.015,0.025,0.135
3,plm,3,plm,0.145,0.075,0.195,0.44,0.145
0,narco,0,narco,0.97,0.01,0.005,0.0,0.015
1,ins,1,ins,0.03,0.905,0.045,0.015,0.005
3,plm,3,plm,0.0,0.0,0.0,1.0,0.0
3,plm,3,plm,0.005,0.0,0.0,0.995,0.0
4,rbd,3,plm,0.07,0.05,0.01,0.625,0.245
0,narco,0,narco,0.905,0.005,0.01,0.065,0.015
3,plm,4,rbd,0.01,0.01,0.015,0.445,0.52
2,nfle,2,nfle,0.005,0.005,0.99,0.0,0.0
4,rbd,2,nfle,0.06,0.05,0.435,0.255,0.2
0,narco,0,narco,0.855,0.06,0.035,0.015,0.035
4,rbd,4,rbd,0.085,0.025,0.135,0.12,0.635
4,rbd,4,rbd,0.0,0.0,0.0,0.0,1.0
1,ins,1,ins,0.05,0.9,0.02,0.02,0.01
4,rbd,3,plm,0.07,0.06,0.065,0.525,0.28
0,narco,0,narco,0.76,0.085,0.08,0.035,0.04
2,nfle,2,nfle,0.015,0.02,0.89,0.015,0.06
2,nfle,2,nfle,0.0,0.005,0.995,0.0,0.0
0,narco,0,narco,0.84,0.02,0.03,0.005,0.105
1,ins,1,ins,0.0,0.995,0.005,0.0,0.0
0,narco,1,ins,0.285,0.41,0.075,0.005,0.225
2,nfle,2,nfle,0.145,0.325,0.43,0.025,0.075
3,plm,3,plm,0.02,0.0,0.0,0.97,0.01
4,rbd,4,rbd,0.07,0.145,0.08,0.02,0.685
3,plm,3,plm,0.005,0.0,0.0,0.99,0.005
2,nfle,2,nfle,0.005,0.0,0.92,0.065,0.01
4,rbd,4,rbd,0.035,0.035,0.1,0.005,0.825
4,rbd,4,rbd,0.14,0.045,0.0,0.0,0.815
2,nfle,2,nfle,0.015,0.01,0.95,0.0,0.025
1,ins,3,plm,0.105,0.135,0.27,0.405,0.085
2,nfle,2,nfle,0.0,0.0,1.0,0.0,0.0
3,plm,3,plm,0.0,0.0,0.0,1.0,0.0
3,plm,3,plm,0.015,0.005,0.01,0.945,0.025
3,plm,3,plm,0.01,0.0,0.015,0.97,0.005
0,narco,0,narco,0.9,0.07,0.015,0.0,0.015
2,nfle,4,rbd,0.04,0.08,0.17,0.215,0.495
2,nfle,2,nfle,0.0,0.0,1.0,0.0,0.0
4,rbd,4,rbd,0.01,0.01,0.0,0.0,0.98
3,plm,3,plm,0.005,0.0,0.005,0.975,0.015
2,nfle,2,nfle,0.005,0.0,0.99,0.005,0.0
1,ins,4,rbd,0.225,0.09,0.115,0.14,0.43
0,narco,0,narco,0.995,0.0,0.005,0.0,0.0
0,narco,0,narco,1.0,0.0,0.0,0.0,0.0
1,ins,1,ins,0.0,1.0,0.0,0.0,0.0
4,rbd,4,rbd,0.01,0.0,0.015,0.005,0.97
3,plm,3,plm,0.115,0.12,0.065,0.52,0.18
3,plm,3,plm,0.0,0.0,0.0,0.99,0.01
2,nfle,2,nfle,0.0,0.0,0.975,0.01,0.015
2,nfle,2,nfle,0.0,0.0,1.0,0.0,0.0
1,ins,1,ins,0.12,0.595,0.24,0.02,0.025
1,ins,1,ins,0.0,1.0,0.0,0.0,0.0
0,narco,0,narco,0.93,0.015,0.02,0.0,0.035
1,ins,1,ins,0.005,0.995,0.0,0.0,0.0
2,nfle,2,nfle,0.0,0.0,1.0,0.0,0.0
0,narco,1,ins,0.29,0.565,0.015,0.0,0.13
0,narco,0,narco,0.905,0.02,0.04,0.01,0.025
0,narco,0,narco,0.76,0.04,0.045,0.02,0.135
2,nfle,2,nfle,0.03,0.025,0.875,0.035,0.035
0,narco,0,narco,0.92,0.0,0.025,0.01,0.045
2,nfle,2,nfle,0.03,0.01,0.91,0.03,0.02
0,narco,0,narco,1.0,0.0,0.0,0.0,0.0
0,narco,4,rbd,0.145,0.185,0.025,0.0,0.645
4,rbd,4,rbd,0.0,0.0,0.005,0.005,0.99
3,plm,1,ins,0.085,0.35,0.195,0.235,0.135
3,plm,3,plm,0.005,0.015,0.015,0.96,0.005
4,rbd,4,rbd,0.045,0.005,0.005,0.015,0.93
2,nfle,0,narco,0.365,0.34,0.165,0.02,0.11
0,narco,0,narco,0.92,0.0,0.02,0.015,0.045
3,plm,3,plm,0.025,0.0,0.0,0.955,0.02
3,plm,3,plm,0.0,0.0,0.0,1.0,0.0
1,ins,1,ins,0.045,0.815,0.04,0.01,0.09
3,plm,3,plm,0.02,0.08,0.03,0.79,0.08
1,ins,1,ins,0.0,1.0,0.0,0.0,0.0
0,narco,0,narco,0.94,0.01,0.03,0.0,0.02
0,narco,0,narco,0.995,0.0,0.0,0.0,0.005
2,nfle,2,nfle,0.015,0.03,0.95,0.0,0.005
1,ins,1,ins,0.0,0.995,0.005,0.0,0.0
2,nfle,2,nfle,0.0,0.0,1.0,0.0,0.0
0,narco,0,narco,0.99,0.0,0.0,0.01,0.0
2,nfle,2,nfle,0.05,0.08,0.56,0.045,0.265
4,rbd,3,plm,0.0,0.0,0.005,0.99,0.005
3,plm,3,plm,0.0,0.0,0.0,1.0,0.0
2,nfle,2,nfle,0.015,0.0,0.97,0.005,0.01
1,ins,4,rbd,0.185,0.36,0.08,0.0,0.375
3,plm,3,plm,0.11,0.025,0.015,0.815,0.035
3,plm,3,plm,0.0,0.0,0.01,0.94,0.05
2,nfle,2,nfle,0.02,0.095,0.76,0.05,0.075
0,narco,0,narco,0.93,0.02,0.035,0.0,0.015
3,plm,3,plm,0.025,0.17,0.005,0.755,0.045
0,narco,0,narco,0.95,0.005,0.005,0.015,0.025
4,rbd,4,rbd,0.105,0.015,0.005,0.005,0.87
0,narco,0,narco,0.6,0.3,0.025,0.02,0.055
4,rbd,4,rbd,0.075,0.005,0.0,0.065,0.855
1,ins,1,ins,0.03,0.945,0.01,0.0,0.015
1,ins,1,ins,0.035,0.71,0.205,0.03,0.02
3,plm,3,plm,0.0,0.0,0.0,1.0,0.0
1,ins,1,ins,0.0,1.0,0.0,0.0,0.0
1,ins,1,ins,0.0,1.0,0.0,0.0,0.0
1,ins,1,ins,0.0,1.0,0.0,0.0,0.0
1,ins,1,ins,0.0,1.0,0.0,0.0,0.0
3,plm,3,plm,0.015,0.035,0.025,0.87,0.055
4,rbd,4,rbd,0.005,0.02,0.02,0.0,0.955
0,narco,0,narco,1.0,0.0,0.0,0.0,0.0
1,ins,1,ins,0.0,1.0,0.0,0.0,0.0
4,rbd,4,rbd,0.06,0.01,0.0,0.0,0.93
1,ins,1,ins,0.0,1.0,0.0,0.0,0.0
3,plm,3,plm,0.12,0.035,0.03,0.665,0.15
2,nfle,2,nfle,0.0,0.0,1.0,0.0,0.0
4,rbd,4,rbd,0.14,0.03,0.035,0.055,0.74
2,nfle,2,nfle,0.0,0.0,1.0,0.0,0.0
0,narco,0,narco,1.0,0.0,0.0,0.0,0.0
2,nfle,2,nfle,0.03,0.055,0.825,0.015,0.075
4,rbd,4,rbd,0.0,0.005,0.025,0.005,0.965
3,plm,3,plm,0.075,0.03,0.01,0.85,0.035
0,narco,4,rbd,0.17,0.29,0.105,0.01,0.425
0,narco,1,ins,0.28,0.44,0.13,0.0,0.15
2,nfle,2,nfle,0.03,0.05,0.715,0.075,0.13
4,rbd,4,rbd,0.0,0.0,0.0,0.0,1.0
3,plm,3,plm,0.0,0.0,0.0,1.0,0.0
1,ins,1,ins,0.225,0.675,0.04,0.005,0.055
3,plm,3,plm,0.01,0.0,0.01,0.98,0.0
4,rbd,4,rbd,0.035,0.015,0.1,0.04,0.81
0,narco,0,narco,0.96,0.0,0.015,0.005,0.02
3,plm,3,plm,0.035,0.015,0.025,0.515,0.41
1,ins,1,ins,0.005,0.99,0.005,0.0,0.0
1,ins,1,ins,0.01,0.97,0.005,0.005,0.01
4,rbd,4,rbd,0.19,0.04,0.01,0.005,0.755
4,rbd,4,rbd,0.0,0.0,0.0,0.0,1.0
4,rbd,3,plm,0.115,0.015,0.035,0.685,0.15
1,ins,1,ins,0.16,0.7,0.03,0.005,0.105
4,rbd,1,ins,0.23,0.325,0.28,0.005,0.16
3,plm,3,plm,0.13,0.005,0.045,0.81,0.01
0,narco,0,narco,0.98,0.005,0.005,0.01,0.0
0,narco,0,narco,0.485,0.06,0.355,0.03,0.07
2,nfle,2,nfle,0.0,0.005,0.94,0.0,0.055
0,narco,0,narco,0.995,0.005,0.0,0.0,0.0
2,nfle,2,nfle,0.005,0.0,0.975,0.02,0.0
0,narco,0,narco,0.765,0.035,0.05,0.005,0.145
4,rbd,4,rbd,0.02,0.015,0.0,0.0,0.965
1,ins,1,ins,0.0,0.995,0.005,0.0,0.0
1,ins,1,ins,0.005,0.975,0.01,0.005,0.005
2,nfle,2,nfle,0.0,0.0,0.97,0.005,0.025
4,rbd,4,rbd,0.0,0.0,0.0,0.0,1.0
3,plm,3,plm,0.17,0.08,0.255,0.38,0.115
4,rbd,4,rbd,0.015,0.005,0.01,0.145,0.825
3,plm,3,plm,0.095,0.255,0.155,0.27,0.225
4,rbd,4,rbd,0.01,0.055,0.255,0.02,0.66
2,nfle,2,nfle,0.03,0.21,0.55,0.03,0.18
3,plm,3,plm,0.0,0.0,0.0,0.995,0.005
0,narco,0,narco,0.815,0.05,0.03,0.015,0.09
1,ins,2,nfle,0.03,0.05,0.6,0.01,0.31
4,rbd,4,rbd,0.075,0.005,0.0,0.0,0.92
4,rbd,4,rbd,0.06,0.055,0.06,0.01,0.815
0,narco,0,narco,0.325,0.205,0.12,0.05,0.3
1,ins,1,ins,0.09,0.695,0.055,0.0,0.16
4,rbd,1,ins,0.115,0.63,0.045,0.0,0.21
3,plm,3,plm,0.0,0.0,0.0,1.0,0.0
4,rbd,4,rbd,0.005,0.0,0.005,0.0,0.99
4,rbd,4,rbd,0.095,0.005,0.01,0.01,0.88
1,ins,1,ins,0.015,0.965,0.015,0.0,0.005
2,nfle,2,nfle,0.01,0.02,0.705,0.21,0.055
3,plm,3,plm,0.06,0.145,0.23,0.54,0.025
0,narco,0,narco,0.905,0.01,0.015,0.015,0.055
4,rbd,4,rbd,0.015,0.005,0.0,0.0,0.98
4,rbd,4,rbd,0.045,0.005,0.0,0.015,0.935
0,narco,0,narco,0.88,0.015,0.005,0.01,0.09
4,rbd,4,rbd,0.0,0.005,0.0,0.0,0.995
0,narco,0,narco,0.96,0.02,0.005,0.005,0.01
1,ins,1,ins,0.005,0.995,0.0,0.0,0.0
0,narco,1,ins,0.32,0.345,0.035,0.01,0.29
2,nfle,2,nfle,0.01,0.005,0.905,0.08,0.0
0,narco,0,narco,0.93,0.025,0.035,0.0,0.01
3,plm,3,plm,0.0,0.0,0.0,1.0,0.0
3,plm,3,plm,0.0,0.0,0.01,0.975,0.015
2,nfle,1,ins,0.225,0.36,0.315,0.01,0.09
0,narco,2,nfle,0.02,0.01,0.875,0.01,0.085
0,narco,0,narco,0.495,0.255,0.025,0.01,0.215
1,ins,1,ins,0.025,0.855,0.105,0.0,0.015
0,narco,0,narco,0.99,0.0,0.005,0.005,0.0
1,ins,1,ins,0.0,1.0,0.0,0.0,0.0
2,nfle,4,rbd,0.055,0.03,0.155,0.01,0.75
4,rbd,4,rbd,0.005,0.0,0.0,0.0,0.995
3,plm,3,plm,0.005,0.02,0.175,0.735,0.065
1,ins,1,ins,0.03,0.805,0.045,0.02,0.1
2,nfle,3,plm,0.01,0.005,0.065,0.915,0.005
0,narco,0,narco,0.795,0.115,0.035,0.0,0.055
4,rbd,2,nfle,0.05,0.11,0.745,0.01,0.085
2,nfle,2,nfle,0.0,0.0,1.0,0.0,0.0
4,rbd,4,rbd,0.225,0.13,0.09,0.005,0.55
0,narco,0,narco,0.325,0.3,0.095,0.015,0.265
1,ins,1,ins,0.005,0.965,0.005,0.02,0.005
4,rbd,4,rbd,0.13,0.02,0.015,0.3,0.535
2,nfle,2,nfle,0.0,0.0,1.0,0.0,0.0
4,rbd,4,rbd,0.0,0.0,0.0,0.0,1.0
3,plm,3,plm,0.02,0.005,0.005,0.965,0.005
1,ins,1,ins,0.0,0.995,0.0,0.005,0.0
2,nfle,2,nfle,0.11,0.12,0.54,0.09,0.14
2,nfle,2,nfle,0.005,0.0,0.995,0.0,0.0
1,ins,1,ins,0.0,0.98,0.01,0.005,0.005
4,rbd,4,rbd,0.215,0.04,0.0,0.0,0.745
2,nfle,2,nfle,0.035,0.025,0.785,0.12,0.035
3,plm,3,plm,0.0,0.0,0.0,0.99,0.01
3,plm,3,plm,0.005,0.005,0.0,0.965,0.025
0,narco,0,narco,1.0,0.0,0.0,0.0,0.0
3,plm,3,plm,0.0,0.0,0.0,1.0,0.0
1,ins,1,ins,0.0,0.975,0.0,0.015,0.01
4,rbd,4,rbd,0.0,0.0,0.005,0.005,0.99
4,rbd,4,rbd,0.03,0.015,0.025,0.01,0.92
4,rbd,4,rbd,0.105,0.125,0.035,0.005,0.73
2,nfle,2,nfle,0.055,0.015,0.75,0.0,0.18
3,plm,3,plm,0.0,0.0,0.0,1.0,0.0
3,plm,3,plm,0.045,0.0,0.035,0.9,0.02
0,narco,0,narco,0.83,0.155,0.01,0.0,0.005
0,narco,0,narco,0.955,0.005,0.03,0.0,0.01
0,narco,0,narco,0.99,0.0,0.005,0.005,0.0
4,rbd,4,rbd,0.15,0.01,0.01,0.005,0.825
1,ins,1,ins,0.005,0.985,0.005,0.0,0.005
0,narco,0,narco,0.955,0.0,0.0,0.01,0.035
3,plm,3,plm,0.045,0.0,0.005,0.94,0.01
1,ins,1,ins,0.005,0.99,0.0,0.005,0.0
1,ins,0,narco,0.745,0.075,0.125,0.015,0.04
0,narco,0,narco,0.855,0.03,0.035,0.04,0.04
1,ins,1,ins,0.005,0.9,0.005,0.075,0.015
3,plm,3,plm,0.0,0.0,0.0,1.0,0.0
0,narco,0,narco,0.905,0.025,0.02,0.005,0.045
0,narco,4,rbd,0.27,0.045,0.04,0.015,0.63
3,plm,3,plm,0.025,0.005,0.01,0.905,0.055
3,plm,3,plm,0.0,0.0,0.01,0.99,0.0
2,nfle,2,nfle,0.0,0.025,0.97,0.0,0.005
4,rbd,4,rbd,0.105,0.06,0.355,0.015,0.465
3,plm,2,nfle,0.075,0.025,0.585,0.255,0.06
1,ins,1,ins,0.0,0.995,0.005,0.0,0.0
4,rbd,4,rbd,0.345,0.055,0.065,0.035,0.5
2,nfle,2,nfle,0.0,0.01,0.975,0.01,0.005
0,narco,1,ins,0.14,0.555,0.065,0.01,0.23
2,nfle,2,nfle,0.0,0.005,0.995,0.0,0.0
1,ins,1,ins,0.0,1.0,0.0,0.0,0.0
2,nfle,2,nfle,0.045,0.23,0.7,0.01,0.015
1,ins,1,ins,0.02,0.86,0.06,0.01,0.05
2,nfle,1,ins,0.02,0.85,0.11,0.005,0.015
4,rbd,2,nfle,0.11,0.07,0.7,0.01,0.11
0,narco,1,ins,0.17,0.705,0.055,0.01,0.06
4,rbd,3,plm,0.065,0.215,0.065,0.47,0.185
0,narco,0,narco,0.915,0.01,0.015,0.025,0.035
2,nfle,2,nfle,0.0,0.0,1.0,0.0,0.0
2,nfle,4,rbd,0.195,0.215,0.245,0.045,0.3
3,plm,3,plm,0.0,0.005,0.325,0.655,0.015
3,plm,3,plm,0.01,0.03,0.0,0.935,0.025
1,ins,1,ins,0.0,0.975,0.02,0.0,0.005
2,nfle,2,nfle,0.03,0.05,0.825,0.02,0.075
4,rbd,4,rbd,0.04,0.01,0.435,0.025,0.49
2,nfle,2,nfle,0.005,0.0,0.945,0.045,0.005
0,narco,0,narco,0.795,0.015,0.145,0.03,0.015
4,rbd,4,rbd,0.115,0.015,0.005,0.01,0.855
0,narco,0,narco,0.41,0.19,0.03,0.015,0.355
1,ins,1,ins,0.0,1.0,0.0,0.0,0.0
4,rbd,4,rbd,0.0,0.005,0.0,0.0,0.995
1,ins,1,ins,0.01,0.99,0.0,0.0,0.0
1,ins,1,ins,0.0,1.0,0.0,0.0,0.0
2,nfle,2,nfle,0.0,0.0,1.0,0.0,0.0
4,rbd,4,rbd,0.135,0.1,0.025,0.005,0.735
3,plm,3,plm,0.0,0.0,0.0,1.0,0.0
0,narco,0,narco,0.52,0.015,0.005,0.01,0.45
1,ins,1,ins,0.0,0.995,0.0,0.0,0.005
1,ins,1,ins,0.0,0.995,0.0,0.0,0.005
0,narco,0,narco,1.0,0.0,0.0,0.0,0.0
0,narco,4,rbd,0.14,0.045,0.015,0.005,0.795
0,narco,0,narco,0.965,0.005,0.025,0.0,0.005
2,nfle,2,nfle,0.0,0.0,0.99,0.01,0.0
2,nfle,2,nfle,0.0,0.005,0.995,0.0,0.0
2,nfle,2,nfle,0.0,0.0,1.0,0.0,0.0
0,narco,0,narco,0.975,0.015,0.005,0.005,0.0
0,narco,0,narco,0.32,0.035,0.31,0.1,0.235
0,narco,0,narco,0.87,0.02,0.04,0.01,0.06
1,ins,0,narco,0.39,0.22,0.085,0.025,0.28
4,rbd,4,rbd,0.01,0.0,0.0,0.0,0.99
4,rbd,4,rbd,0.045,0.025,0.065,0.175,0.69
3,plm,3,plm,0.0,0.0,0.0,1.0,0.0
3,plm,3,plm,0.0,0.005,0.01,0.975,0.01
1,ins,1,ins,0.03,0.94,0.03,0.0,0.0
4,rbd,4,rbd,0.29,0.185,0.04,0.015,0.47
4,rbd,4,rbd,0.15,0.18,0.235,0.095,0.34
4,rbd,4,rbd,0.12,0.08,0.015,0.02,0.765
3,plm,3,plm,0.035,0.195,0.07,0.645,0.055
3,plm,2,nfle,0.31,0.04,0.475,0.12,0.055
1,ins,1,ins,0.0,0.995,0.005,0.0,0.0
3,plm,3,plm,0.0,0.0,0.0,1.0,0.0
4,rbd,4,rbd,0.17,0.02,0.035,0.065,0.71
0,narco,4,rbd,0.395,0.16,0.015,0.03,0.4
2,nfle,0,narco,0.6,0.105,0.135,0.0,0.16
3,plm,3,plm,0.0,0.005,0.0,0.995,0.0
2,nfle,2,nfle,0.0,0.0,1.0,0.0,0.0
0,narco,0,narco,0.99,0.0,0.0,0.005,0.005
1,ins,1,ins,0.0,1.0,0.0,0.0,0.0
2,nfle,2,nfle,0.09,0.16,0.7,0.015,0.035
0,narco,4,rbd,0.28,0.145,0.09,0.19,0.295
0,narco,0,narco,0.905,0.02,0.035,0.01,0.03
1,ins,1,ins,0.0,0.99,0.0,0.0,0.01
3,plm,3,plm,0.0,0.0,0.0,1.0,0.0
1,ins,1,ins,0.0,1.0,0.0,0.0,0.0
1,ins,0,narco,0.445,0.24,0.22,0.005,0.09
4,rbd,4,rbd,0.0,0.0,0.005,0.01,0.985
1,ins,1,ins,0.0,1.0,0.0,0.0,0.0
0,narco,4,rbd,0.235,0.245,0.05,0.03,0.44
3,plm,4,rbd,0.225,0.025,0.01,0.065,0.675
0,narco,0,narco,0.91,0.01,0.0,0.005,0.075
3,plm,3,plm,0.0,0.0,0.0,0.99,0.01
4,rbd,4,rbd,0.0,0.0,0.0,0.0,1.0
2,nfle,2,nfle,0.0,0.0,0.935,0.055,0.01
2,nfle,2,nfle,0.01,0.0,0.975,0.01,0.005
1,ins,1,ins,0.185,0.62,0.055,0.005,0.135
1,ins,0,narco,0.415,0.09,0.075,0.19,0.23
1,ins,1,ins,0.0,1.0,0.0,0.0,0.0
3,plm,3,plm,0.0,0.01,0.16,0.805,0.025
0,narco,3,plm,0.325,0.065,0.045,0.505,0.06
0,narco,0,narco,1.0,0.0,0.0,0.0,0.0
4,rbd,4,rbd,0.005,0.0,0.03,0.01,0.955
4,rbd,4,rbd,0.0,0.0,0.02,0.0,0.98
3,plm,3,plm,0.105,0.14,0.06,0.63,0.065
3,plm,3,plm,0.005,0.005,0.0,0.985,0.005
2,nfle,2,nfle,0.0,0.0,1.0,0.0,0.0
0,narco,0,narco,1.0,0.0,0.0,0.0,0.0
1,ins,1,ins,0.0,0.99,0.0,0.005,0.005
3,plm,4,rbd,0.245,0.035,0.045,0.29,0.385
2,nfle,2,nfle,0.005,0.0,0.885,0.095,0.015
1,ins,1,ins,0.17,0.55,0.07,0.0,0.21
2,nfle,2,nfle,0.0,0.0,1.0,0.0,0.0
0,narco,0,narco,0.945,0.02,0.01,0.01,0.015
3,plm,3,plm,0.0,0.0,0.005,0.995,0.0
0,narco,4,rbd,0.355,0.08,0.1,0.01,0.455
0,narco,2,nfle,0.245,0.085,0.54,0.03,0.1
4,rbd,4,rbd,0.06,0.005,0.005,0.0,0.93
2,nfle,2,nfle,0.005,0.015,0.83,0.07,0.08
0,narco,0,narco,0.94,0.045,0.005,0.005,0.005
3,plm,3,plm,0.1,0.005,0.02,0.755,0.12
4,rbd,4,rbd,0.0,0.0,0.0,0.0,1.0
2,nfle,2,nfle,0.005,0.005,0.99,0.0,0.0
1,ins,1,ins,0.095,0.46,0.155,0.06,0.23
0,narco,0,narco,0.95,0.005,0.015,0.01,0.02
2,nfle,1,ins,0.17,0.405,0.35,0.01,0.065
2,nfle,2,nfle,0.0,0.0,0.995,0.005,0.0
4,rbd,4,rbd,0.17,0.015,0.02,0.005,0.79
4,rbd,4,rbd,0.31,0.085,0.075,0.08,0.45
0,narco,0,narco,0.73,0.05,0.095,0.025,0.1
3,plm,3,plm,0.005,0.0,0.01,0.94,0.045
1,ins,1,ins,0.28,0.645,0.02,0.02,0.035
3,plm,3,plm,0.03,0.015,0.035,0.875,0.045
4,rbd,4,rbd,0.0,0.0,0.0,0.0,1.0
4,rbd,4,rbd,0.045,0.06,0.23,0.03,0.635
0,narco,0,narco,1.0,0.0,0.0,0.0,0.0
3,plm,3,plm,0.0,0.0,0.0,1.0,0.0
4,rbd,4,rbd,0.04,0.005,0.11,0.04,0.805
3,plm,3,plm,0.0,0.0,0.005,0.99,0.005
1,ins,1,ins,0.095,0.825,0.04,0.005,0.035
3,plm,3,plm,0.005,0.0,0.0,0.99,0.005
0,narco,0,narco,0.97,0.005,0.015,0.005,0.005
1,ins,1,ins,0.0,1.0,0.0,0.0,0.0
3,plm,3,plm,0.045,0.015,0.025,0.785,0.13
3,plm,3,plm,0.0,0.0,0.0,1.0,0.0
1,ins,1,ins,0.0,1.0,0.0,0.0,0.0
0,narco,0,narco,0.955,0.005,0.0,0.0,0.04
2,nfle,2,nfle,0.04,0.165,0.765,0.015,0.015
1,ins,1,ins,0.0,1.0,0.0,0.0,0.0
3,plm,3,plm,0.0,0.0,0.0,1.0,0.0
4,rbd,4,rbd,0.055,0.04,0.015,0.01,0.88
0,narco,0,narco,0.995,0.0,0.0,0.0,0.005
0,narco,0,narco,0.825,0.04,0.025,0.01,0.1
0,narco,0,narco,0.895,0.01,0.015,0.02,0.06
3,plm,0,narco,0.41,0.015,0.025,0.22,0.33
4,rbd,4,rbd,0.205,0.015,0.0,0.075,0.705
0,narco,0,narco,0.455,0.025,0.02,0.045,0.455
0,narco,1,ins,0.245,0.395,0.24,0.005,0.115
3,plm,3,plm,0.04,0.015,0.005,0.93,0.01
2,nfle,2,nfle,0.0,0.0,1.0,0.0,0.0
3,plm,3,plm,0.03,0.01,0.0,0.94,0.02
0,narco,0,narco,1.0,0.0,0.0,0.0,0.0
3,plm,3,plm,0.0,0.0,0.0,1.0,0.0
1,ins,1,ins,0.0,0.995,0.0,0.005,0.0
1,ins,4,rbd,0.12,0.2,0.13,0.015,0.535
3,plm,3,plm,0.005,0.0,0.005,0.99,0.0
0,narco,0,narco,0.715,0.085,0.03,0.015,0.155
1,ins,1,ins,0.005,0.995,0.0,0.0,0.0
4,rbd,4,rbd,0.13,0.09,0.02,0.025,0.735
4,rbd,4,rbd,0.1,0.105,0.17,0.035,0.59
4,rbd,4,rbd,0.285,0.06,0.025,0.005,0.625
1,ins,1,ins,0.0,1.0,0.0,0.0,0.0
2,nfle,1,ins,0.07,0.6,0.275,0.01,0.045
1,ins,1,ins,0.05,0.78,0.04,0.025,0.105
2,nfle,2,nfle,0.195,0.055,0.63,0.045,0.075
2,nfle,2,nfle,0.01,0.02,0.875,0.03,0.065
4,rbd,4,rbd,0.055,0.05,0.02,0.0,0.875
1,ins,1,ins,0.005,0.955,0.015,0.0,0.025
0,narco,0,narco,0.99,0.0,0.0,0.0,0.01
3,plm,3,plm,0.0,0.0,0.075,0.92,0.005
4,rbd,4,rbd,0.025,0.005,0.0,0.005,0.965
3,plm,3,plm,0.0,0.0,0.0,0.995,0.005
0,narco,0,narco,0.89,0.02,0.015,0.005,0.07
0,narco,0,narco,0.93,0.025,0.01,0.01,0.025
3,plm,3,plm,0.38,0.04,0.025,0.5,0.055
2,nfle,2,nfle,0.01,0.095,0.855,0.03,0.01
3,plm,3,plm,0.0,0.0,0.0,1.0,0.0
2,nfle,2,nfle,0.0,0.0,0.995,0.0,0.005
1,ins,2,nfle,0.035,0.12,0.515,0.045,0.285
3,plm,3,plm,0.02,0.035,0.025,0.89,0.03
4,rbd,4,rbd,0.05,0.055,0.13,0.11,0.655
3,plm,3,plm,0.0,0.0,0.0,1.0,0.0
3,plm,3,plm,0.0,0.0,0.0,1.0,0.0
0,narco,0,narco,1.0,0.0,0.0,0.0,0.0
1,ins,1,ins,0.01,0.93,0.03,0.02,0.01
2,nfle,2,nfle,0.0,0.0,0.985,0.0,0.015
0,narco,0,narco,0.745,0.15,0.075,0.01,0.02
3,plm,4,rbd,0.04,0.03,0.05,0.375,0.505
4,rbd,4,rbd,0.02,0.01,0.0,0.005,0.965
2,nfle,2,nfle,0.005,0.005,0.985,0.0,0.005
2,nfle,2,nfle,0.02,0.02,0.925,0.02,0.015
0,narco,2,nfle,0.0,0.0,0.995,0.0,0.005
0,narco,0,narco,1.0,0.0,0.0,0.0,0.0
4,rbd,4,rbd,0.0,0.0,0.0,0.005,0.995
4,rbd,4,rbd,0.105,0.09,0.0,0.005,0.8
0,narco,0,narco,0.635,0.15,0.08,0.06,0.075
3,plm,3,plm,0.0,0.0,0.01,0.99,0.0
2,nfle,2,nfle,0.005,0.045,0.7,0.025,0.225
4,rbd,4,rbd,0.01,0.0,0.0,0.0,0.99
3,plm,3,plm,0.005,0.0,0.0,0.995,0.0
1,ins,1,ins,0.15,0.655,0.1,0.01,0.085
3,plm,3,plm,0.02,0.005,0.065,0.9,0.01
4,rbd,2,nfle,0.03,0.12,0.53,0.025,0.295
4,rbd,4,rbd,0.01,0.015,0.01,0.005,0.96
4,rbd,4,rbd,0.145,0.055,0.09,0.005,0.705
1,ins,1,ins,0.0,0.99,0.0,0.0,0.01
0,narco,0,narco,0.995,0.0,0.0,0.005,0.0
4,rbd,4,rbd,0.065,0.01,0.0,0.005,0.92
1,ins,1,ins,0.245,0.56,0.065,0.035,0.095
3,plm,3,plm,0.0,0.0,0.0,1.0,0.0
2,nfle,2,nfle,0.0,0.0,0.975,0.025,0.0
2,nfle,2,nfle,0.005,0.03,0.92,0.01,0.035
3,plm,3,plm,0.04,0.01,0.075,0.855,0.02
1,ins,1,ins,0.0,0.995,0.0,0.0,0.005
2,nfle,2,nfle,0.035,0.01,0.715,0.21,0.03
3,plm,3,plm,0.0,0.0,0.06,0.935,0.005
4,rbd,3,plm,0.035,0.025,0.045,0.525,0.37
0,narco,0,narco,0.89,0.025,0.035,0.03,0.02
4,rbd,4,rbd,0.04,0.015,0.005,0.005,0.935
1,ins,1,ins,0.185,0.455,0.16,0.005,0.195
2,nfle,2,nfle,0.205,0.095,0.485,0.07,0.145
2,nfle,2,nfle,0.01,0.01,0.965,0.005,0.01
0,narco,0,narco,0.855,0.025,0.045,0.0,0.075
1,ins,1,ins,0.02,0.92,0.05,0.0,0.01
4,rbd,4,rbd,0.275,0.065,0.01,0.02,0.63
3,plm,3,plm,0.0,0.0,0.055,0.945,0.0
2,nfle,3,plm,0.045,0.035,0.095,0.5,0.325
0,narco,0,narco,0.995,0.0,0.0,0.005,0.0
0,narco,0,narco,1.0,0.0,0.0,0.0,0.0
1,ins,1,ins,0.225,0.44,0.1,0.005,0.23
2,nfle,2,nfle,0.0,0.0,0.99,0.0,0.01
3,plm,3,plm,0.0,0.0,0.0,1.0,0.0
4,rbd,4,rbd,0.21,0.185,0.03,0.01,0.565
0,narco,0,narco,0.92,0.015,0.045,0.0,0.02
3,plm,3,plm,0.0,0.0,0.02,0.98,0.0
1,ins,0,narco,0.45,0.185,0.065,0.01,0.29
4,rbd,4,rbd,0.17,0.025,0.0,0.015,0.79
4,rbd,4,rbd,0.15,0.01,0.015,0.01,0.815
3,plm,3,plm,0.0,0.01,0.005,0.975,0.01
1,ins,1,ins,0.03,0.825,0.09,0.02,0.035
2,nfle,2,nfle,0.0,0.0,1.0,0.0,0.0
2,nfle,2,nfle,0.0,0.005,0.955,0.0,0.04
1,ins,1,ins,0.165,0.46,0.215,0.015,0.145
2,nfle,2,nfle,0.005,0.0,0.995,0.0,0.0
1,ins,1,ins,0.005,0.99,0.0,0.005,0.0
0,narco,0,narco,1.0,0.0,0.0,0.0,0.0
4,rbd,4,rbd,0.03,0.025,0.025,0.035,0.885
3,plm,3,plm,0.03,0.0,0.005,0.95,0.015
1,ins,1,ins,0.24,0.47,0.07,0.095,0.125
1,ins,1,ins,0.0,1.0,0.0,0.0,0.0
4,rbd,4,rbd,0.0,0.0,0.0,0.0,1.0
3,plm,3,plm,0.0,0.0,0.005,0.995,0.0
1,ins,1,ins,0.0,1.0,0.0,0.0,0.0
4,rbd,4,rbd,0.01,0.0,0.0,0.005,0.985
2,nfle,0,narco,0.89,0.04,0.03,0.0,0.04
1,ins,4,rbd,0.34,0.225,0.03,0.0,0.405
2,nfle,2,nfle,0.005,0.005,0.975,0.0,0.015
0,narco,0,narco,1.0,0.0,0.0,0.0,0.0
4,rbd,4,rbd,0.06,0.05,0.145,0.145,0.6
1,ins,2,nfle,0.12,0.205,0.495,0.13,0.05
4,rbd,4,rbd,0.24,0.145,0.065,0.06,0.49
3,plm,3,plm,0.0,0.005,0.0,0.995,0.0
0,narco,0,narco,0.96,0.03,0.005,0.005,0.0
1,ins,1,ins,0.0,0.995,0.005,0.0,0.0
3,plm,3,plm,0.09,0.115,0.075,0.645,0.075
3,plm,3,plm,0.0,0.035,0.015,0.95,0.0
0,narco,0,narco,0.895,0.015,0.005,0.015,0.07
4,rbd,4,rbd,0.005,0.0,0.0,0.0,0.995
4,rbd,4,rbd,0.195,0.01,0.005,0.03,0.76
3,plm,3,plm,0.025,0.045,0.31,0.565,0.055
3,plm,3,plm,0.0,0.0,0.01,0.98,0.01
0,narco,0,narco,0.635,0.275,0.015,0.0,0.075
0,narco,0,narco,0.99,0.005,0.0,0.0,0.005
3,plm,3,plm,0.0,0.0,0.0,1.0,0.0
0,narco,0,narco,0.65,0.08,0.125,0.0,0.145
4,rbd,4,rbd,0.015,0.005,0.0,0.0,0.98
2,nfle,2,nfle,0.0,0.0,0.99,0.005,0.005
3,plm,3,plm,0.025,0.01,0.02,0.81,0.135
3,plm,3,plm,0.0,0.0,0.005,0.995,0.0
1,ins,1,ins,0.05,0.805,0.06,0.005,0.08
4,rbd,4,rbd,0.0,0.005,0.0,0.01,0.985
1,ins,4,rbd,0.365,0.14,0.045,0.02,0.43
2,nfle,2,nfle,0.005,0.0,0.99,0.0,0.005
4,rbd,4,rbd,0.015,0.0,0.0,0.0,0.985
1,ins,1,ins,0.0,0.995,0.0,0.0,0.005
3,plm,3,plm,0.01,0.01,0.01,0.925,0.045
4,rbd,4,rbd,0.0,0.0,0.0,0.005,0.995
2,nfle,2,nfle,0.165,0.06,0.615,0.04,0.12
0,narco,0,narco,1.0,0.0,0.0,0.0,0.0
4,rbd,4,rbd,0.005,0.0,0.005,0.005,0.985
4,rbd,4,rbd,0.09,0.085,0.005,0.005,0.815
3,plm,3,plm,0.0,0.0,0.01,0.99,0.0
0,narco,0,narco,0.45,0.42,0.01,0.005,0.115
0,narco,0,narco,0.835,0.02,0.125,0.015,0.005
2,nfle,2,nfle,0.065,0.05,0.815,0.035,0.035
0,narco,2,nfle,0.38,0.035,0.51,0.02,0.055
3,plm,3,plm,0.0,0.0,0.0,1.0,0.0
4,rbd,3,plm,0.1,0.03,0.06,0.515,0.295
0,narco,4,rbd,0.37,0.035,0.06,0.015,0.52
0,narco,0,narco,0.785,0.11,0.05,0.015,0.04
2,nfle,2,nfle,0.04,0.03,0.84,0.005,0.085
4,rbd,4,rbd,0.02,0.0,0.0,0.0,0.98
1,ins,1,ins,0.045,0.945,0.0,0.005,0.005
3,plm,3,plm,0.005,0.0,0.01,0.98,0.005
0,narco,0,narco,0.92,0.01,0.02,0.01,0.04
4,rbd,4,rbd,0.0,0.0,0.0,0.0,1.0
0,narco,0,narco,0.96,0.005,0.0,0.01,0.025
2,nfle,2,nfle,0.0,0.025,0.57,0.03,0.375
1,ins,1,ins,0.0,1.0,0.0,0.0,0.0
2,nfle,2,nfle,0.235,0.03,0.49,0.16,0.085
0,narco,0,narco,0.98,0.01,0.0,0.0,0.01
3,plm,3,plm,0.03,0.14,0.335,0.43,0.065
4,rbd,4,rbd,0.04,0.0,0.0,0.0,0.96
0,narco,4,rbd,0.28,0.26,0.055,0.01,0.395
1,ins,1,ins,0.0,1.0,0.0,0.0,0.0
2,nfle,2,nfle,0.01,0.005,0.965,0.015,0.005
2,nfle,2,nfle,0.045,0.025,0.895,0.01,0.025
3,plm,3,plm,0.0,0.0,0.0,1.0,0.0
1,ins,1,ins,0.0,1.0,0.0,0.0,0.0
1,ins,1,ins,0.015,0.95,0.0,0.005,0.03
1,ins,1,ins,0.0,1.0,0.0,0.0,0.0
0,narco,0,narco,0.885,0.055,0.015,0.035,0.01
0,narco,0,narco,1.0,0.0,0.0,0.0,0.0
0,narco,0,narco,0.65,0.06,0.04,0.025,0.225
2,nfle,2,nfle,0.01,0.0,0.985,0.0,0.005
0,narco,2,nfle,0.115,0.085,0.41,0.265,0.125
3,plm,3,plm,0.025,0.005,0.005,0.95,0.015
1,ins,2,nfle,0.04,0.065,0.89,0.0,0.005
0,narco,0,narco,0.88,0.025,0.055,0.01,0.03
1,ins,1,ins,0.0,1.0,0.0,0.0,0.0
1,ins,1,ins,0.005,0.995,0.0,0.0,0.0
3,plm,3,plm,0.0,0.0,0.0,1.0,0.0
2,nfle,2,nfle,0.0,0.0,0.99,0.005,0.005
1,ins,1,ins,0.005,0.995,0.0,0.0,0.0
4,rbd,4,rbd,0.04,0.025,0.005,0.02,0.91
4,rbd,4,rbd,0.005,0.005,0.005,0.0,0.985
2,nfle,2,nfle,0.005,0.005,0.795,0.145,0.05
0,narco,0,narco,0.815,0.09,0.015,0.005,0.075
2,nfle,2,nfle,0.03,0.065,0.88,0.0,0.025
3,plm,3,plm,0.005,0.01,0.005,0.975,0.005
1,ins,1,ins,0.0,0.995,0.0,0.005,0.0
1,ins,1,ins,0.015,0.89,0.01,0.06,0.025
1,ins,1,ins,0.005,0.965,0.01,0.005,0.015
3,plm,3,plm,0.0,0.0,0.005,0.985,0.01
0,narco,0,narco,0.76,0.115,0.07,0.005,0.05
3,plm,3,plm,0.22,0.01,0.1,0.625,0.045
1,ins,3,plm,0.04,0.01,0.1,0.485,0.365
2,nfle,2,nfle,0.01,0.01,0.97,0.005,0.005
2,nfle,2,nfle,0.0,0.0,1.0,0.0,0.0
0,narco,0,narco,1.0,0.0,0.0,0.0,0.0
0,narco,0,narco,0.99,0.005,0.005,0.0,0.0
1,ins,1,ins,0.045,0.495,0.08,0.27,0.11
1,ins,1,ins,0.015,0.93,0.025,0.0,0.03
0,narco,0,narco,0.985,0.0,0.005,0.01,0.0
0,narco,0,narco,1.0,0.0,0.0,0.0,0.0
2,nfle,2,nfle,0.0,0.0,1.0,0.0,0.0
4,rbd,4,rbd,0.0,0.0,0.0,0.0,1.0
0,narco,0,narco,1.0,0.0,0.0,0.0,0.0
0,narco,0,narco,0.61,0.115,0.09,0.03,0.155
4,rbd,4,rbd,0.055,0.025,0.015,0.0,0.905
3,plm,3,plm,0.0,0.005,0.0,0.98,0.015
4,rbd,4,rbd,0.095,0.085,0.05,0.265,0.505
0,narco,0,narco,0.98,0.01,0.01,0.0,0.0
2,nfle,2,nfle,0.01,0.0,0.96,0.0,0.03
2,nfle,1,ins,0.075,0.805,0.075,0.005,0.04
1,ins,1,ins,0.0,0.995,0.005,0.0,0.0
3,plm,3,plm,0.0,0.0,0.005,0.99,0.005
4,rbd,4,rbd,0.015,0.005,0.01,0.0,0.97
4,rbd,4,rbd,0.18,0.015,0.005,0.005,0.795
1,ins,1,ins,0.005,0.985,0.0,0.005,0.005
3,plm,3,plm,0.025,0.02,0.345,0.585,0.025
1,ins,1,ins,0.02,0.96,0.005,0.0,0.015
1,ins,1,ins,0.0,1.0,0.0,0.0,0.0
1,ins,1,ins,0.0,1.0,0.0,0.0,0.0
1,ins,1,ins,0.0,1.0,0.0,0.0,0.0
2,nfle,2,nfle,0.0,0.0,0.975,0.025,0.0
2,nfle,2,nfle,0.0,0.025,0.905,0.055,0.015
2,nfle,0,narco,0.465,0.315,0.125,0.01,0.085
2,nfle,2,nfle,0.0,0.0,1.0,0.0,0.0
0,narco,0,narco,0.965,0.02,0.005,0.01,0.0
1,ins,1,ins,0.0,0.99,0.0,0.005,0.005
0,narco,0,narco,0.49,0.345,0.105,0.015,0.045
2,nfle,4,rbd,0.085,0.07,0.235,0.015,0.595
3,plm,3,plm,0.005,0.0,0.01,0.95,0.035
2,nfle,1,ins,0.18,0.41,0.17,0.0,0.24
2,nfle,2,nfle,0.07,0.04,0.64,0.16,0.09
2,nfle,2,nfle,0.03,0.06,0.87,0.015,0.025
4,rbd,4,rbd,0.115,0.15,0.035,0.005,0.695
0,narco,0,narco,0.96,0.005,0.02,0.0,0.015
3,plm,3,plm,0.0,0.0,0.005,0.99,0.005
3,plm,3,plm,0.0,0.01,0.005,0.985,0.0
2,nfle,2,nfle,0.09,0.14,0.72,0.03,0.02
4,rbd,4,rbd,0.005,0.005,0.045,0.0,0.945
1,ins,1,ins,0.015,0.555,0.065,0.145,0.22
1,ins,1,ins,0.0,1.0,0.0,0.0,0.0
2,nfle,4,rbd,0.055,0.05,0.355,0.14,0.4
0,narco,0,narco,0.955,0.0,0.025,0.005,0.015
3,plm,3,plm,0.0,0.0,0.0,1.0,0.0
1,ins,1,ins,0.0,0.99,0.0,0.01,0.0
3,plm,3,plm,0.0,0.005,0.0,0.99,0.005
2,nfle,2,nfle,0.0,0.0,0.99,0.0,0.01
4,rbd,4,rbd,0.0,0.0,0.0,0.0,1.0
1,ins,1,ins,0.0,1.0,0.0,0.0,0.0
3,plm,3,plm,0.0,0.0,0.005,0.99,0.005
2,nfle,2,nfle,0.005,0.03,0.91,0.005,0.05
2,nfle,2,nfle,0.01,0.005,0.955,0.015,0.015
2,nfle,2,nfle,0.005,0.025,0.875,0.06,0.035
1,ins,4,rbd,0.075,0.23,0.245,0.175,0.275
1,ins,1,ins,0.0,1.0,0.0,0.0,0.0
1,ins,1,ins,0.0,1.0,0.0,0.0,0.0
0,narco,0,narco,0.895,0.015,0.005,0.0,0.085
3,plm,3,plm,0.0,0.0,0.01,0.985,0.005
0,narco,0,narco,0.725,0.065,0.025,0.02,0.165
0,narco,0,narco,0.93,0.01,0.0,0.045,0.015
1,ins,1,ins,0.0,1.0,0.0,0.0,0.0
0,narco,0,narco,0.975,0.0,0.01,0.0,0.015
0,narco,0,narco,0.77,0.05,0.12,0.035,0.025
4,rbd,4,rbd,0.015,0.0,0.0,0.01,0.975
2,nfle,2,nfle,0.005,0.005,0.97,0.01,0.01
0,narco,0,narco,0.68,0.05,0.025,0.01,0.235
1,ins,4,rbd,0.225,0.14,0.035,0.0,0.6
4,rbd,4,rbd,0.02,0.0,0.0,0.0,0.98
1,ins,1,ins,0.24,0.525,0.035,0.0,0.2
3,plm,3,plm,0.0,0.0,0.0,1.0,0.0
2,nfle,2,nfle,0.0,0.0,1.0,0.0,0.0
4,rbd,4,rbd,0.04,0.035,0.005,0.0,0.92
4,rbd,4,rbd,0.005,0.0,0.0,0.025,0.97
3,plm,3,plm,0.01,0.02,0.005,0.945,0.02
0,narco,0,narco,0.4,0.18,0.025,0.005,0.39
2,nfle,2,nfle,0.0,0.0,0.995,0.005,0.0
3,plm,3,plm,0.025,0.02,0.015,0.92,0.02
3,plm,3,plm,0.015,0.005,0.005,0.97,0.005
3,plm,3,plm,0.03,0.035,0.035,0.82,0.08
4,rbd,3,plm,0.05,0.07,0.115,0.45,0.315
2,nfle,2,nfle,0.28,0.09,0.585,0.01,0.035
0,narco,0,narco,0.645,0.06,0.19,0.015,0.09
3,plm,3,plm,0.005,0.0,0.015,0.97,0.01
4,rbd,4,rbd,0.0,0.0,0.0,0.005,0.995
4,rbd,4,rbd,0.075,0.0,0.0,0.0,0.925
3,plm,0,narco,0.445,0.02,0.3,0.165,0.07
3,plm,2,nfle,0.11,0.06,0.435,0.33,0.065
4,rbd,4,rbd,0.19,0.12,0.075,0.055,0.56
1,ins,1,ins,0.0,1.0,0.0,0.0,0.0
3,plm,4,rbd,0.185,0.035,0.035,0.16,0.585
2,nfle,1,ins,0.045,0.725,0.085,0.045,0.1
2,nfle,2,nfle,0.0,0.0,0.995,0.0,0.005
4,rbd,4,rbd,0.05,0.005,0.01,0.005,0.93
0,narco,0,narco,0.445,0.05,0.09,0.055,0.36
3,plm,3,plm,0.035,0.015,0.01,0.895,0.045
1,ins,1,ins,0.0,1.0,0.0,0.0,0.0
0,narco,0,narco,0.98,0.0,0.0,0.0,0.02
0,narco,0,narco,0.99,0.0,0.01,0.0,0.0
1,ins,1,ins,0.0,1.0,0.0,0.0,0.0
1,ins,1,ins,0.015,0.985,0.0,0.0,0.0
0,narco,3,plm,0.075,0.015,0.025,0.83,0.055
1,ins,4,rbd,0.105,0.115,0.145,0.125,0.51
3,plm,3,plm,0.18,0.09,0.045,0.65,0.035
4,rbd,2,nfle,0.055,0.065,0.63,0.015,0.235
1,ins,1,ins,0.22,0.74,0.02,0.0,0.02
4,rbd,4,rbd,0.025,0.0,0.005,0.0,0.97
4,rbd,4,rbd,0.0,0.0,0.005,0.0,0.995
3,plm,3,plm,0.0,0.0,0.0,1.0,0.0
2,nfle,1,ins,0.075,0.65,0.225,0.005,0.045
4,rbd,4,rbd,0.1,0.065,0.06,0.005,0.77
4,rbd,4,rbd,0.07,0.035,0.02,0.015,0.86
4,rbd,4,rbd,0.0,0.0,0.0,0.0,1.0
0,narco,0,narco,1.0,0.0,0.0,0.0,0.0
2,nfle,2,nfle,0.005,0.01,0.945,0.0,0.04
2,nfle,2,nfle,0.01,0.01,0.925,0.015,0.04
4,rbd,4,rbd,0.105,0.12,0.015,0.005,0.755
0,narco,0,narco,0.945,0.03,0.01,0.005,0.01
4,rbd,4,rbd,0.0,0.0,0.005,0.0,0.995
0,narco,0,narco,0.885,0.035,0.05,0.005,0.025
1,ins,1,ins,0.01,0.965,0.0,0.005,0.02
2,nfle,2,nfle,0.02,0.055,0.885,0.01,0.03
2,nfle,2,nfle,0.005,0.0,0.905,0.08,0.01
3,plm,3,plm,0.0,0.0,0.005,0.995,0.0
4,rbd,4,rbd,0.185,0.055,0.025,0.0,0.735
3,plm,3,plm,0.055,0.02,0.285,0.59,0.05
3,plm,3,plm,0.0,0.0,0.0,1.0,0.0
0,narco,0,narco,0.5,0.09,0.145,0.225,0.04
3,plm,3,plm,0.02,0.01,0.21,0.725,0.035
2,nfle,2,nfle,0.0,0.0,1.0,0.0,0.0
0,narco,0,narco,0.905,0.02,0.05,0.0,0.025
1,ins,2,nfle,0.135,0.12,0.385,0.08,0.28
1,ins,1,ins,0.18,0.645,0.025,0.005,0.145
2,nfle,2,nfle,0.0,0.0,1.0,0.0,0.0
0,narco,0,narco,0.99,0.0,0.0,0.0,0.01
1,ins,1,ins,0.065,0.835,0.06,0.01,0.03
3,plm,3,plm,0.0,0.0,0.0,1.0,0.0
3,plm,3,plm,0.025,0.04,0.04,0.835,0.06
2,nfle,2,nfle,0.04,0.09,0.84,0.0,0.03
4,rbd,4,rbd,0.0,0.0,0.01,0.0,0.99
2,nfle,2,nfle,0.0,0.0,0.99,0.005,0.005
3,plm,3,plm,0.185,0.175,0.125,0.295,0.22
2,nfle,2,nfle,0.11,0.135,0.435,0.0,0.32
4,rbd,4,rbd,0.0,0.0,0.0,0.0,1.0
2,nfle,0,narco,0.585,0.015,0.3,0.04,0.06
3,plm,3,plm,0.005,0.0,0.0,0.995,0.0
3,plm,3,plm,0.0,0.0,0.0,0.94,0.06
1,ins,1,ins,0.02,0.81,0.03,0.085,0.055
1,ins,1,ins,0.215,0.555,0.06,0.05,0.12
2,nfle,2,nfle,0.005,0.015,0.965,0.005,0.01
4,rbd,4,rbd,0.075,0.01,0.005,0.0,0.91
4,rbd,4,rbd,0.005,0.0,0.0,0.0,0.995
0,narco,0,narco,0.895,0.07,0.02,0.0,0.015
4,rbd,4,rbd,0.005,0.0,0.005,0.0,0.99
4,rbd,4,rbd,0.0,0.0,0.0,0.005,0.995
0,narco,0,narco,0.99,0.0,0.01,0.0,0.0
0,narco,0,narco,0.805,0.115,0.045,0.02,0.015
3,plm,3,plm,0.0,0.0,0.0,1.0,0.0
0,narco,0,narco,1.0,0.0,0.0,0.0,0.0
1,ins,4,rbd,0.075,0.095,0.05,0.02,0.76
1,ins,1,ins,0.0,1.0,0.0,0.0,0.0
4,rbd,2,nfle,0.055,0.055,0.81,0.02,0.06
3,plm,3,plm,0.03,0.01,0.005,0.895,0.06
2,nfle,2,nfle,0.0,0.005,0.965,0.02,0.01
0,narco,0,narco,0.555,0.07,0.21,0.02,0.145
3,plm,3,plm,0.0,0.03,0.015,0.875,0.08
2,nfle,2,nfle,0.045,0.35,0.52,0.045,0.04
0,narco,0,narco,0.745,0.015,0.11,0.025,0.105
0,narco,0,narco,0.96,0.03,0.0,0.005,0.005
0,narco,0,narco,0.785,0.015,0.155,0.02,0.025
4,rbd,4,rbd,0.035,0.02,0.03,0.02,0.895
0,narco,0,narco,0.78,0.015,0.04,0.045,0.12
0,narco,0,narco,0.945,0.015,0.0,0.0,0.04
3,plm,3,plm,0.01,0.025,0.015,0.815,0.135
2,nfle,2,nfle,0.2,0.14,0.425,0.175,0.06
1,ins,1,ins,0.225,0.48,0.165,0.085,0.045
4,rbd,4,rbd,0.285,0.08,0.04,0.02,0.575
4,rbd,4,rbd,0.02,0.005,0.0,0.0,0.975
2,nfle,2,nfle,0.0,0.0,0.98,0.02,0.0
1,ins,1,ins,0.025,0.81,0.02,0.1,0.045
0,narco,0,narco,0.9,0.065,0.02,0.01,0.005
3,plm,3,plm,0.0,0.0,0.065,0.92,0.015
2,nfle,4,rbd,0.335,0.055,0.16,0.1,0.35
1,ins,1,ins,0.03,0.77,0.17,0.025,0.005
4,rbd,4,rbd,0.155,0.13,0.035,0.335,0.345
3,plm,3,plm,0.0,0.0,0.015,0.985,0.0
2,nfle,2,nfle,0.0,0.0,1.0,0.0,0.0
0,narco,0,narco,0.905,0.055,0.02,0.0,0.02
3,plm,3,plm,0.025,0.02,0.01,0.85,0.095
2,nfle,2,nfle,0.035,0.0,0.51,0.405,0.05
0,narco,0,narco,0.97,0.005,0.005,0.015,0.005
3,plm,3,plm,0.0,0.0,0.0,1.0,0.0
1,ins,1,ins,0.09,0.505,0.035,0.005,0.365
0,narco,0,narco,0.965,0.01,0.01,0.005,0.01
3,plm,3,plm,0.0,0.0,0.0,1.0,0.0
3,plm,3,plm,0.025,0.005,0.08,0.885,0.005
2,nfle,2,nfle,0.0,0.0,0.975,0.025,0.0
3,plm,3,plm,0.1,0.005,0.045,0.815,0.035
4,rbd,4,rbd,0.0,0.0,0.0,0.0,1.0
4,rbd,3,plm,0.015,0.125,0.03,0.825,0.005
2,nfle,2,nfle,0.0,0.0,1.0,0.0,0.0
2,nfle,2,nfle,0.0,0.005,0.99,0.0,0.005
1,ins,1,ins,0.01,0.985,0.0,0.005,0.0
3,plm,3,plm,0.135,0.03,0.01,0.66,0.165
0,narco,0,narco,1.0,0.0,0.0,0.0,0.0
2,nfle,2,nfle,0.0,0.0,1.0,0.0,0.0
4,rbd,4,rbd,0.085,0.01,0.03,0.01,0.865
3,plm,3,plm,0.005,0.0,0.02,0.955,0.02
1,ins,0,narco,0.52,0.135,0.1,0.0,0.245
2,nfle,3,plm,0.045,0.055,0.37,0.445,0.085
0,narco,0,narco,0.43,0.325,0.05,0.0,0.195
2,nfle,2,nfle,0.025,0.1,0.78,0.01,0.085
3,plm,3,plm,0.0,0.0,0.0,1.0,0.0
3,plm,3,plm,0.0,0.0,0.005,0.995,0.0
0,narco,0,narco,0.645,0.07,0.015,0.0,0.27
0,narco,0,narco,0.895,0.025,0.035,0.015,0.03
1,ins,1,ins,0.04,0.885,0.025,0.0,0.05
1,ins,1,ins,0.005,0.995,0.0,0.0,0.0
4,rbd,4,rbd,0.025,0.015,0.0,0.01,0.95
0,narco,0,narco,1.0,0.0,0.0,0.0,0.0
1,ins,1,ins,0.0,1.0,0.0,0.0,0.0
4,rbd,3,plm,0.06,0.05,0.345,0.42,0.125
2,nfle,2,nfle,0.0,0.0,1.0,0.0,0.0
4,rbd,4,rbd,0.15,0.115,0.03,0.01,0.695
1,ins,1,ins,0.0,0.975,0.005,0.005,0.015
0,narco,0,narco,0.985,0.005,0.0,0.005,0.005
1,ins,1,ins,0.29,0.64,0.045,0.0,0.025
0,narco,0,narco,0.87,0.065,0.02,0.005,0.04
2,nfle,2,nfle,0.05,0.01,0.87,0.015,0.055
0,narco,0,narco,0.975,0.0,0.015,0.01,0.0
1,ins,1,ins,0.0,0.97,0.02,0.0,0.01
1,ins,1,ins,0.34,0.39,0.05,0.025,0.195
0,narco,3,plm,0.17,0.145,0.17,0.35,0.165
1,ins,1,ins,0.33,0.37,0.165,0.005,0.13
1,ins,1,ins,0.0,1.0,0.0,0.0,0.0
4,rbd,4,rbd,0.395,0.015,0.015,0.025,0.55
1,ins,1,ins,0.005,0.985,0.005,0.0,0.005
3,plm,3,plm,0.045,0.04,0.085,0.82,0.01
1,ins,1,ins,0.0,1.0,0.0,0.0,0.0
3,plm,3,plm,0.0,0.0,0.0,1.0,0.0
3,plm,3,plm,0.0,0.0,0.025,0.975,0.0
4,rbd,4,rbd,0.08,0.1,0.33,0.135,0.355
4,rbd,4,rbd,0.03,0.03,0.215,0.02,0.705
4,rbd,4,rbd,0.045,0.045,0.015,0.0,0.895
1,ins,1,ins,0.325,0.48,0.09,0.005,0.1
1,ins,1,ins,0.125,0.42,0.035,0.15,0.27
1,ins,1,ins,0.005,0.995,0.0,0.0,0.0
1,ins,1,ins,0.005,0.985,0.0,0.0,0.01
1,ins,1,ins,0.405,0.435,0.045,0.01,0.105
4,rbd,4,rbd,0.0,0.0,0.005,0.0,0.995
2,nfle,2,nfle,0.065,0.06,0.76,0.01,0.105
3,plm,3,plm,0.005,0.035,0.09,0.63,0.24
1,ins,1,ins,0.0,0.965,0.01,0.005,0.02
3,plm,3,plm,0.02,0.025,0.005,0.92,0.03
1,ins,1,ins,0.02,0.915,0.025,0.01,0.03
1,ins,1,ins,0.01,0.945,0.03,0.005,0.01
3,plm,3,plm,0.02,0.02,0.07,0.81,0.08
4,rbd,4,rbd,0.07,0.135,0.015,0.0,0.78
4,rbd,4,rbd,0.365,0.125,0.035,0.005,0.47
3,plm,3,plm,0.005,0.0,0.0,0.98,0.015
4,rbd,4,rbd,0.04,0.0,0.0,0.005,0.955
4,rbd,4,rbd,0.13,0.32,0.1,0.0,0.45
1,ins,1,ins,0.19,0.66,0.02,0.0,0.13
0,narco,0,narco,0.96,0.01,0.01,0.005,0.015
0,narco,0,narco,0.795,0.1,0.04,0.005,0.06
2,nfle,0,narco,0.525,0.125,0.215,0.02,0.115
3,plm,4,rbd,0.19,0.09,0.125,0.13,0.465
4,rbd,4,rbd,0.0,0.0,0.0,0.0,1.0
0,narco,0,narco,0.995,0.0,0.005,0.0,0.0
3,plm,3,plm,0.005,0.0,0.0,0.99,0.005
2,nfle,2,nfle,0.06,0.115,0.735,0.035,0.055
3,plm,3,plm,0.0,0.01,0.005,0.965,0.02
2,nfle,2,nfle,0.01,0.0,0.98,0.0,0.01
1,ins,1,ins,0.005,0.955,0.02,0.005,0.015
3,plm,3,plm,0.025,0.02,0.18,0.54,0.235
0,narco,0,narco,0.995,0.0,0.005,0.0,0.0
4,rbd,2,nfle,0.105,0.06,0.44,0.035,0.36
2,nfle,2,nfle,0.02,0.055,0.81,0.03,0.085
2,nfle,2,nfle,0.0,0.0,1.0,0.0,0.0
2,nfle,0,narco,0.735,0.07,0.125,0.015,0.055
1,ins,1,ins,0.0,0.995,0.005,0.0,0.0
1,ins,1,ins,0.0,1.0,0.0,0.0,0.0
0,narco,0,narco,0.96,0.025,0.005,0.005,0.005
4,rbd,4,rbd,0.0,0.0,0.0,0.0,1.0
2,nfle,0,narco,0.49,0.155,0.195,0.045,0.115
1,ins,1,ins,0.0,1.0,0.0,0.0,0.0
1,ins,1,ins,0.005,0.98,0.01,0.0,0.005
3,plm,3,plm,0.0,0.0,0.0,1.0,0.0
3,plm,3,plm,0.005,0.035,0.01,0.925,0.025
0,narco,0,narco,0.915,0.045,0.025,0.0,0.015
1,ins,1,ins,0.165,0.51,0.155,0.04,0.13
4,rbd,4,rbd,0.01,0.005,0.0,0.02,0.965
3,plm,4,rbd,0.06,0.005,0.025,0.2,0.71
0,narco,0,narco,0.665,0.22,0.01,0.005,0.1
2,nfle,2,nfle,0.005,0.0,0.985,0.005,0.005
1,ins,1,ins,0.0,1.0,0.0,0.0,0.0
4,rbd,4,rbd,0.095,0.08,0.04,0.04,0.745
4,rbd,1,ins,0.03,0.47,0.17,0.24,0.09
2,nfle,0,narco,0.51,0.06,0.355,0.015,0.06
2,nfle,2,nfle,0.035,0.025,0.86,0.01,0.07
4,rbd,4,rbd,0.04,0.01,0.005,0.005,0.94
4,rbd,4,rbd,0.06,0.025,0.04,0.0,0.875
0,narco,0,narco,0.93,0.01,0.005,0.01,0.045
3,plm,3,plm,0.01,0.04,0.015,0.92,0.015
3,plm,3,plm,0.015,0.005,0.0,0.95,0.03
0,narco,0,narco,0.935,0.01,0.015,0.03,0.01
4,rbd,4,rbd,0.01,0.01,0.0,0.0,0.98
3,plm,3,plm,0.005,0.0,0.0,0.995,0.0
2,nfle,2,nfle,0.01,0.0,0.99,0.0,0.0
2,nfle,2,nfle,0.0,0.0,1.0,0.0,0.0
4,rbd,4,rbd,0.005,0.01,0.005,0.01,0.97
3,plm,3,plm,0.0,0.0,0.0,0.995,0.005
3,plm,3,plm,0.0,0.005,0.0,0.995,0.0
3,plm,3,plm,0.0,0.0,0.0,1.0,0.0
0,narco,0,narco,1.0,0.0,0.0,0.0,0.0
4,rbd,4,rbd,0.07,0.035,0.005,0.05,0.84
2,nfle,2,nfle,0.025,0.02,0.94,0.005,0.01
3,plm,3,plm,0.015,0.005,0.13,0.83,0.02
3,plm,3,plm,0.015,0.035,0.145,0.745,0.06
2,nfle,2,nfle,0.06,0.04,0.525,0.025,0.35
1,ins,4,rbd,0.125,0.165,0.3,0.045,0.365
3,plm,3,plm,0.11,0.06,0.055,0.705,0.07
2,nfle,2,nfle,0.0,0.0,0.995,0.0,0.005
2,nfle,2,nfle,0.01,0.02,0.91,0.005,0.055
1,ins,1,ins,0.0,1.0,0.0,0.0,0.0
4,rbd,4,rbd,0.0,0.0,0.0,0.0,1.0
0,narco,0,narco,0.59,0.215,0.055,0.015,0.125
4,rbd,4,rbd,0.1,0.05,0.035,0.01,0.805
4,rbd,4,rbd,0.055,0.04,0.165,0.075,0.665
2,nfle,0,narco,0.405,0.3,0.14,0.06,0.095
0,narco,0,narco,0.66,0.265,0.0,0.0,0.075
3,plm,3,plm,0.005,0.015,0.01,0.945,0.025
3,plm,3,plm,0.0,0.0,0.0,0.995,0.005
1,ins,1,ins,0.03,0.925,0.01,0.01,0.025
4,rbd,4,rbd,0.01,0.015,0.195,0.04,0.74
3,plm,3,plm,0.0,0.0,0.02,0.98,0.0
0,narco,0,narco,0.82,0.095,0.035,0.0,0.05
1,ins,1,ins,0.005,0.98,0.0,0.0,0.015
3,plm,4,rbd,0.14,0.125,0.135,0.275,0.325
2,nfle,2,nfle,0.0,0.0,0.995,0.005,0.0
4,rbd,4,rbd,0.0,0.0,0.0,0.0,1.0
1,ins,1,ins,0.0,1.0,0.0,0.0,0.0
1,ins,1,ins,0.005,0.985,0.005,0.005,0.0
4,rbd,4,rbd,0.0,0.0,0.0,0.005,0.995
1,ins,1,ins,0.005,0.99,0.005,0.0,0.0
3,plm,3,plm,0.01,0.01,0.005,0.935,0.04
2,nfle,2,nfle,0.015,0.02,0.875,0.06,0.03
2,nfle,2,nfle,0.0,0.005,0.995,0.0,0.0
